11
   3710.00    3744.00   0.00
   3858.00    3880.00   0.00
   3960.00    3980.00   0.00
   4092.00    4112.00   0.00
   4330.00    4350.00   0.00
   4848.00    4874.00   0.00
   4940.00    5028.00   0.00
   5866.00    5916.00   0.00
   6280.00    6320.00   0.00
   6528.00    6608.00   0.00
   6696.00    6752.00   0.00

11 regions read
Plot saved to fits/nomask/mock_star_forming_lines_fit.pdf
Plot saved to fits/mask/mock_star_forming_lines_fit.pdf
spop, no mask   : sigma   93.4  A_V 0.451  chi2 0.682
spop, lines out : sigma   92.6  A_V 0.463  chi2 0.655
13
   5570.00    5590.00   0.00   sky [O I] 5577
   3910.00    3990.00   2.00   Ca II H and K, double weight
   3710.00    3744.00   0.00
   3858.00    3880.00   0.00
   3960.00    3980.00   0.00
   4092.00    4112.00   0.00
   4330.00    4350.00   0.00
   4848.00    4874.00   0.00
   4940.00    5028.00   0.00
   5866.00    5916.00   0.00
   6280.00    6320.00   0.00
   6528.00    6608.00   0.00
   6696.00    6752.00   0.00
